graph 1

Sim rank
[[1. 0. 0. 0. 0. 0.]
 [0. 1. 0. 0. 0. 0.]
 [0. 0. 1. 0. 0. 0.]
 [0. 0. 0. 1. 0. 0.]
 [0. 0. 0. 0. 1. 0.]
 [0. 0. 0. 0. 0. 1.]]

count: 6    executing simrank function time: 0.000000e+00    simrank function iteration counts: 2
-----------------------------------------------------------------

graph 2

Sim rank
[[1. 0. 0. 0. 0.]
 [0. 1. 0. 0. 0.]
 [0. 0. 1. 0. 0.]
 [0. 0. 0. 1. 0.]
 [0. 0. 0. 0. 1.]]

count: 5    executing simrank function time: 0.000000e+00    simrank function iteration counts: 2
-----------------------------------------------------------------

graph 3

Sim rank
[[1.         0.         0.66664206 0.        ]
 [0.         1.         0.         0.66664206]
 [0.66664206 0.         1.         0.        ]
 [0.         0.66664206 0.         1.        ]]

count: 4    executing simrank function time: 0.000000e+00    simrank function iteration counts: 12
-----------------------------------------------------------------

graph 4

Sim rank
[[1.         0.36023894 0.34893429 0.35370773 0.33763104 0.41505348
  0.29236198]
 [0.36023894 1.         0.40676775 0.36972093 0.41215916 0.2854106
  0.45403127]
 [0.34893429 0.40676775 1.         0.44954471 0.39002932 0.44807247
  0.45101696]
 [0.35370773 0.36972093 0.44954471 1.         0.34266648 0.5350473
  0.5350473 ]
 [0.33763104 0.41215916 0.39002932 0.34266648 1.         0.27311575
  0.41221721]
 [0.41505348 0.2854106  0.44807247 0.5350473  0.27311575 1.
  0.2700946 ]
 [0.29236198 0.45403127 0.45101696 0.5350473  0.41221721 0.2700946
  1.        ]]

count: 7    executing simrank function time: 0.000000e+00    simrank function iteration counts: 26
-----------------------------------------------------------------

graph 5

Sim rank
[[1. 0. 0. ... 0. 0. 0.]
 [0. 1. 0. ... 0. 0. 0.]
 [0. 0. 1. ... 0. 0. 0.]
 ...
 [0. 0. 0. ... 1. 0. 0.]
 [0. 0. 0. ... 0. 1. 0.]
 [0. 0. 0. ... 0. 0. 1.]]

count: 469    executing simrank function time: 5.400290e-01    simrank function iteration counts: 34
-----------------------------------------------------------------